42 95
0 27
0 41
0 37
0 22
1 2
1 3
2 3
2 4
2 5
3 4
4 5
4 25
5 6
5 15
5 32
5 25
6 7
6 15
7 14
7 15
7 8
8 9
8 11
8 12
8 13
8 14
9 10
9 11
9 12
10 12
10 13
11 12
12 13
13 14
13 16
13 29
14 15
14 29
14 30
14 33
15 33
15 32
16 17
16 29
17 29
17 31
17 18
18 31
18 33
18 34
18 35
18 19
19 35
19 20
20 35
20 36
20 21
21 36
21 22
22 36
22 23
23 28
23 24
25 32
25 38
25 39
25 40
25 26
26 40
26 41
26 27
27 41
27 28
29 30
29 31
30 33
30 31
31 33
32 33
32 34
32 38
33 34
34 37
34 38
34 36
34 35
35 36
36 37
37 38
37 39
37 41
38 39
39 40
39 41
40 41
